    (1, 1, 1, 1, 1, 1, 1, 1, 1, 1, 1, 1, 1)                      0.0                      0.0
    (13,)                                          0.0                      0.0
    (1, 1, 1, 1, 1, 1, 1, 1, 1, 1, 1, 2)    0.0009861932938856016     0.006798756798756799
    (1, 1, 1, 1, 1, 1, 1, 1, 1, 1, 3)     0.003205128205128205     0.022095959595959596
    (1, 1, 1, 1, 1, 1, 1, 1, 1, 2, 2)     0.004273504273504274     0.029461279461279462
    (1, 1, 1, 1, 1, 1, 1, 1, 1, 4)     0.006993006993006993     0.048209366391184574
    (1, 1, 1, 1, 1, 1, 1, 1, 2, 3)     0.008158508158508158      0.05624426078971533
    (1, 1, 1, 1, 1, 1, 1, 2, 2, 2)      0.01048951048951049      0.07231404958677685
    (1, 12)                       0.011111111111111112       0.0765993265993266
    (1, 1, 1, 1, 1, 1, 1, 1, 5)      0.01282051282051282      0.08838383838383838
    (1, 1, 1, 1, 1, 1, 1, 2, 4)     0.014102564102564103      0.09722222222222222
    (1, 1, 1, 1, 1, 1, 1, 3, 3)     0.015384615384615385      0.10606060606060606
    (1, 1, 1, 1, 1, 1, 2, 2, 3)     0.016666666666666666       0.1148989898989899
    (1, 1, 1, 1, 1, 2, 2, 2, 2)     0.020512820512820513       0.1414141414141414
    (1, 1, 1, 1, 1, 1, 1, 6)      0.021367521367521368       0.1473063973063973
    (2, 11)                       0.022222222222222223       0.1531986531986532
    (1, 1, 1, 1, 1, 1, 2, 5)      0.022792022792022793      0.15712682379349047
    (1, 1, 1, 1, 1, 1, 3, 4)      0.024216524216524215       0.1669472502805836
    (1, 1, 1, 1, 1, 2, 2, 4)       0.02564102564102564      0.17676767676767677
    (1, 1, 1, 1, 1, 2, 3, 3)      0.027065527065527065      0.18658810325476993
    (1, 1, 1, 1, 2, 2, 2, 3)      0.029914529914529916      0.20622895622895623
    (1, 1, 11)                                 0.03125      0.21543560606060605
    (3, 10)                        0.03333333333333333       0.2297979797979798
    (1, 1, 1, 1, 1, 1, 7)          0.03365384615384615      0.23200757575757575
    (1, 1, 1, 1, 1, 2, 6)         0.035256410256410256      0.24305555555555555
    (1, 1, 1, 2, 2, 2, 2, 2)       0.03561253561253561      0.24551066217732884
    (1, 1, 1, 1, 1, 3, 5)          0.03685897435897436      0.25410353535353536
    (1, 1, 1, 1, 1, 4, 4)         0.038461538461538464      0.26515151515151514
    (1, 1, 1, 1, 2, 2, 5)         0.038461538461538464      0.26515151515151514
    (1, 1, 1, 1, 2, 3, 4)          0.04006410256410257        0.276199494949495
    (1, 2, 10)                    0.041666666666666664      0.28724747474747475
    (1, 1, 1, 1, 3, 3, 3)          0.04326923076923077      0.29829545454545453
    (1, 1, 1, 2, 2, 2, 4)          0.04326923076923077      0.29829545454545453
    (4, 9)                        0.044444444444444446       0.3063973063973064
    (1, 1, 1, 2, 2, 3, 3)          0.04487179487179487      0.30934343434343436
    (1, 1, 2, 2, 2, 2, 3)         0.049679487179487176      0.34248737373737376
    (1, 1, 1, 1, 1, 8)             0.05128205128205128      0.35353535353535354
    (1, 3, 9)                     0.052083333333333336       0.3590593434343434
    (1, 1, 1, 1, 2, 7)             0.05311355311355311       0.3661616161616162
    (1, 1, 1, 1, 3, 6)            0.054945054945054944       0.3787878787878788
    (5, 8)                         0.05555555555555555        0.382996632996633
    (1, 1, 1, 1, 4, 5)            0.056776556776556776      0.39141414141414144
    (1, 1, 1, 2, 2, 6)            0.056776556776556776      0.39141414141414144
    (1, 2, 2, 2, 2, 2, 2)         0.057692307692307696       0.3977272727272727
    (1, 1, 1, 2, 3, 5)             0.05860805860805861      0.40404040404040403
    (1, 1, 1, 10)                 0.058823529411764705       0.4055258467023173
    (1, 1, 1, 2, 4, 4)             0.06043956043956044       0.4166666666666667
    (1, 1, 1, 3, 3, 4)             0.06227106227106227       0.4292929292929293
    (1, 1, 2, 2, 2, 5)             0.06227106227106227       0.4292929292929293
    (1, 4, 8)                                   0.0625       0.4308712121212121
    (2, 2, 9)                                   0.0625       0.4308712121212121
    (1, 1, 2, 2, 3, 4)              0.0641025641025641      0.44191919191919193
    (6, 7)                         0.06666666666666667       0.4595959595959596
    (1, 1, 2, 3, 3, 3)             0.06776556776556776       0.4671717171717172
    (1, 1, 2, 9)                   0.06862745098039216       0.4731134878193702
    (1, 2, 2, 2, 2, 4)              0.0695970695970696       0.4797979797979798
    (1, 2, 2, 2, 3, 3)             0.07142857142857142      0.49242424242424243
    (1, 5, 7)                      0.07291666666666667       0.5026830808080808
    (2, 3, 8)                      0.07291666666666667       0.5026830808080808
    (1, 1, 1, 1, 9)                0.07692307692307693       0.5303030303030303
    (1, 1, 3, 8)                    0.0784313725490196       0.5407011289364231
    (2, 2, 2, 2, 2, 3)             0.07849293563579278       0.5411255411255411
    (1, 1, 1, 2, 8)                0.07905982905982906         0.54503367003367
    (1, 1, 1, 3, 7)                 0.0811965811965812       0.5597643097643098
    (1, 1, 1, 4, 6)                0.08333333333333333       0.5744949494949495
    (1, 1, 2, 2, 7)                0.08333333333333333       0.5744949494949495
    (1, 6, 6)                      0.08333333333333333       0.5744949494949495
    (2, 4, 7)                      0.08333333333333333       0.5744949494949495
    (1, 1, 1, 5, 5)                0.08547008547008547       0.5892255892255892
    (1, 1, 2, 3, 6)                0.08547008547008547       0.5892255892255892
    (1, 1, 2, 4, 5)                 0.0876068376068376       0.6039562289562289
    (1, 1, 4, 7)                   0.08823529411764706       0.6082887700534759
    (1, 2, 2, 8)                   0.08823529411764706       0.6082887700534759
    (1, 1, 3, 3, 5)                0.08974358974358974       0.6186868686868687
    (1, 2, 2, 2, 6)                0.08974358974358974       0.6186868686868687
    (1, 1, 3, 4, 4)                0.09188034188034189       0.6334175084175084
    (1, 2, 2, 3, 5)                0.09188034188034189       0.6334175084175084
    (2, 5, 6)                                  0.09375       0.6463068181818182
    (3, 3, 7)                                  0.09375       0.6463068181818182
    (1, 2, 2, 4, 4)                0.09401709401709402       0.6481481481481481
    (1, 2, 3, 3, 4)                0.09615384615384616       0.6628787878787878
    (1, 1, 5, 6)                   0.09803921568627451       0.6758764111705288
    (1, 2, 3, 7)                   0.09803921568627451       0.6758764111705288
    (2, 2, 2, 2, 5)                 0.0989010989010989       0.6818181818181818
    (2, 2, 2, 3, 4)                0.10073260073260074       0.6944444444444444
    (1, 3, 3, 3, 3)                0.10256410256410256       0.7070707070707071
    (3, 4, 6)                      0.10416666666666667       0.7181186868686869
    (2, 2, 3, 3, 3)                 0.1043956043956044       0.7196969696969697
    (1, 2, 4, 6)                   0.10784313725490197       0.7434640522875817
    (3, 5, 5)                      0.11458333333333333       0.7899305555555556
    (1, 2, 5, 5)                   0.11764705882352941       0.8110516934046346
    (1, 3, 3, 6)                   0.11764705882352941       0.8110516934046346
    (2, 2, 2, 7)                   0.11764705882352941       0.8110516934046346
    (4, 4, 5)                                    0.125       0.8617424242424242
    (1, 3, 4, 5)                   0.12745098039215685       0.8786393345216874
    (2, 2, 3, 6)                   0.12745098039215685       0.8786393345216874
    (2, 2, 4, 5)                   0.13626373626373625       0.9393939393939394
    (1, 4, 4, 4)                   0.13846153846153847       0.9545454545454546
    (2, 3, 3, 5)                   0.13846153846153847       0.9545454545454546
    (2, 3, 4, 4)                   0.14065934065934066       0.9696969696969697
    (3, 3, 3, 4)                   0.14505494505494507                      1.0
